+5535999767654
+5535998121125
+5535991873513
+5535991123075
+5524992070730
+5535999975552
+5524983337012
+5535999986885
+5535999824885
+5535999836342
+5511999560766
+5535998887605
+5535998362738
+5535992652262
+5531998818536
+5535999084807
+5535999490788
+5535997016973
+5535988088158
+5535983695667
+5535998001608
+5535999751960
+5535998233874
+5535998268880
+5535984137200
+5535997504334
+5535999668233
+5535988076347
+5535998283195
+5535999542232
+5535984189669
+5535997425880
+5535999421709
+5535999840341
+5531999429891
+5535984044013
+5535999947347
+5535987078217
+5535998096541
+5535999625538
+5535998207242
+5535998085765
+5535988354339
+5535999222019
+5535998600509
+5535998631645
+5535987013601
+5535998027784
+5535992421536
+5535998942952
+5535999691212
+5535987085336
+5535991816044
+5512991937245
+5535999282322
+5535987163372
+5535998315271
+5535997070625
+5535982102211
+5535988644228
+5535988562956
+5535999675237
+5535999840820
+5535998156059
+5535984378327
+5531994191440
+5535998549502
+5535991530861
+5535998270826
+5535991464056
+5554991738098
+5535988252027
+5535998688418
+5535998788899
+5535991056420
+5535997176862
+5535998251595
+5535998898666
+5535998920726
+5535998168431
+5535998850575
+5535992300575
+5535991752065
+5535999053527
+5535988576268
+5535991307958
+5535998434031
+5535997222879
+5535998442698
+5535999021214
+5535988590041
+5535988562956
+5535991047499
+5535997677369
+5535998350473
+5535999587704
+5535999173868
+5535998449214
+5535998651049
+5535998901914
+5535988336636
+5535997274241
+5535992121864
+5535991826423
+5535997278872
+5535999769145
+5535992650040
+5535999125264
+5535988085091
+5535999096578
+5535998777163
+5535998208831
+5535999174095
+5535991586715
+5535997742765
+5519971330461
+5535998022098
+5535991079040
+5535999865322
+5535999528552
+5535999824615
+5531999667930
+5535998115282
+5535998849654
+5535991359877
+5535998773518
+5535991973774
+5535998472442
+5535999845202
+5535998991551
+5512991937245
+5519992246266
+5535991144336
+5535998517014
+5535984498951
+5535998579547
+5535991024916
+5535994027101
+5535999392884
+5535999295111
+5511974526525
+5535988147641
+5535997003032
+5535999880008
+5535991616971
+5535988591503
+5567984552030
+5535991403980
+5535999964648
+5535991046087
+5535991806243
+5535999036249
+5535997368335
+5535999714775
+5535997680330
+5535997540206
+5535999815982
+5535999492306
+5513991535175
+5512991937245
+5535999515501
+5535991408252
+5519992899631
+5535999672949
+5535997555145
+5516992719802
+5519982331474
+5535988562956
+5535998650132
+5535984286118
+5535997518703
+5535988694977
+5535999623498
+5535998503409
+5535999182853
+5535998447548
+5535999204146
+5535999161003
+5535991810110
+5519981157520
+5535998265761
+5535997422936
+5535992640010
+5535998238629
+5535998002308
+5535997310815
+5535999122039
+5535984777838
+5535999934629
+5535992186321
+5535998996163
+5535987037437
+5535999136800
+5535991879046
+5535997238784
+5535998858675
+5535991292738
+5535992011003
+5535998702791
+5535997434440
+5535984494241
+5535998204345
+5535992723270
+5512991937245
+5535997745990
+5535998708839
+5535999188738
+5535988521474
+5512991382784
+5531995022952
+5535998630950
+5535992044322
+5519974172647
+5531997887077
+5535988545368
+5535991575758
+5535999133011
+5535999087767
+5535997084891
+5535987064619
+5535998874338
+5581981409465
+5535998703223
+5535999491954
+5535987079531
+5535999442217
+5531994951881
+5535997369143
+5535998228100
+5511991480369
+5535999886560
+5535999139293
+5535998503413
+5535988510674
+5535997480565
+5535999556264
+5535999009943
+5535984364774
+5535997176862
+5535999824415
+5535998990822
+5535984578234
+5535992308946
+5535999993544
+5535999443380
+5535998532840
+5535999104146
+5535984039323
+5535998482232
+5535999029227
+5512996044370
+5543991064418
+5535998456408
+5535997661115
+5535997423173
+5535999971436
+5535997444176
+5535999570127
+5535992112504
+5535999409120
+5535999439646
+5535998132089
+5535991324547
+5535998775239
+5535991329093
+5535999616705
+5535997648885
+5535998664938
+5535997308840
+5535998959914
+5535991524316
+5535991124861
+5535998698914
+5535998605820
+5535999594946
+5535999896464
+5535997284558
+5535991408252
+5535997271204
+5535984026382
+5535992421536
+5535997627693
+5535992221731
+5535984063770
+5535991328613
+5535991905902
+5535999353645
+5535998511206
+5535999824415
