+5535998310928
+5535999947347
+5535999361677
+5535999437427
+5535999768560
+5535991248774
+5535998106797
+5535998679750
+5564992675900
+5535997786220
+5535997532952
+5535992051204
+5535998295888
+5537997243474
+5535998431895
+5535988172661
+5535999057575
+5535997670910
+5535997682137
+5567984552030
+5535998789135
+5535997635104
+5535998108440
+5535999057575
+5535997368335
+5535999522826
+5535999204146
+5535997310815
+5535991853740
+5535987079531
+5535999042304
+5535991896146
+5535987079531
+5535999123421
+5535999421983
+5535984578234
+5535984039323
+5535999098189
+5535999971436
+5535988076347
+5535999847506
+5535991079040
+5535984188837
+5535999319050
+5535988832060
+5535999366110
+5511998223884
+5535980124109
+5535997504334
+5535999035366
+5535999667038
+5535984214052
+5535991837774
+5535999965167
+5535999844166
+5535991163366
+5535999542232
+5535997425880
+5535999147473
+5535984390735
+5535999841845
+5535988763191
+5535991118741
+5535991917726
+5535988447540
+5535999562234
+5535998096541
+5535988388838
+5535998758338
+5535999312664
+5535999625538
+5535997301888
+5512991937245
+5535999482637
+5535991793522
+5535999925195
+5535999224888
+5535991680313
+5535998955057
+5535999374323
+5535999222019
+5535998942952
+5535984524216
+5535999691212
+5535987085336
+5535992090299
+5535991816044
+5535997080033
+5535997407745
+5535999512169
+5535988644228
+5535999530360
+5535999764800
+5535988562956
+5535999675237
+5535991913514
+5513996041313
+5535984378327
+5535999317533
+5535998383066
+5535999181556
+5535999409422
+5535998310005
+5535999844166
+5535998041658
+5535991187137
+5535991349617
+5535998920976
+5535998270826
+5535999114969
+5535991464056
+5535988252027
+5535984070953
+5535998401120
+5535999158601
+5535984221374
+5535998898666
+5535998920726
+5535991752065
+5535999053527
+5535988576268
+5535991307958
+5535997067243
+5535999768560
+5512997904236
+5535984178118
+5535998442698
+5535988748842
+5535991528035
+5535984110120
+5535999021214
+5535988590041
+5535988562956
+5535984243574
+5535999360234
+5535991047499
+5535997402431
+5535998198002
+5535999077364
+5581996830659
+5535998350473
+5535999173868
+5535998096541
+5535998544252
+5535997278872
+5535999439396
+5535991370659
+5535999769145
+5519984148720
+5535999896418
+5535991174995
+5535991928803
+5535997571993
+5535992441596
+5535998777163
+5535997576132
+5535999174095
+5535991586715
+5535991872609
+5535998315277
+5535999528552
+5535988424904
+5531999667930
+5535988553035
+5535997240625
+5535988290551
+5535998855033
+5535998115282
+5535998409224
+5535991359877
+5535998773518
+5535997260591
+5512991937245
+5535991950281
+5535991024916
+5535994027101
+5511964105572
+5511974526525
+5535988499861
+5535988147641
+5535999719134
+5535999316133
+5535998511420
+5535998644343
+5535999849866
+5535991424276
+5535998283144
+5535992632018
+5535988098401
+5535992706638
+5535999022108
+5535991046087
+5535991079040
+5535991032263
+5535999020128
+5535997459974
+5535987018915
+5535999214556
+5512991937245
+5535992355133
+5535991950281
+5535999808879
+5535998823055
+5535998802828
+5535998828182
+5535998504876
+5535997696725
+5535998920976
+5535998920976
+5519982331474
+5535998313320
+5535998127207
+5535988562956
+5535987081033
+5535998313320
+5535984286118
+5535988491541
+5535988694977
+5535999182853
+5535998447548
+5535984799767
+5535999490788
+5535997422936
+5535984251889
+5535998238629
+5535998304718
+5535984447440
+5535999131004
+5535988151869
+5535991879046
+5535997609486
+5535997238784
+5535997377963
+5535998858675
+5535999597499
+5535992011003
+5535998702791
+5535997434440
+5535999604529
+5535999683100
+5535997745990
+5535999246911
+5535991217075
+5512991382784
+5531995022952
+5535998630950
+5535992702298
+5535991509410
+5535992044322
+5535999110508
+5519974172647
+5535998249392
+5535988545368
+5535998283144
+5535998303136
+5535999133011
+5535999087767
+5535992186655
+5535984632522
+5535998874338
+5535998703223
+5535997556154
+5535999491954
+5535999442217
+5535983695667
+5535991918942
+5535998938948
+5535984675399
+5535988972809
+5535997369143
+5511991480369
+5535999139293
+5535991051271
+5535997480565
+5535998783950
+5535999556264
+5535999896418
+5535999477206
+5535988372493
+5535999588695
+5535999614479
+5535998274945
+5535999959351
+5535997454062
+5535984580406
+5535991253418
+5535992308946
+5535988553035
+5535998333241
+5535998600648
+5535997565061
+5535984410836
+5535984626464
+5535999768560
+5535998802296
+5535999570127
+5535999100727
+5535999409120
+5535992478787
+5535998775239
+5535999623498
+5596991814556
+5535999954237
+5535990212399
+5535997308840
+5535998959914
+5535999506658
+5534988699899
+5535997260820
+5535991124861
+5535999123421
+5535998407735
+5535998698914
+5535999896464
+5535988755046
+5535991028354
+5535999888880
+5535984293626
+5535997363303
+5535991775034
+5535998920976
+5535999353645
+5535992012399
+5535998511206
+5535999360101
