+5535999767654
+5535998121125
+5535991873513
+5535999742672
+5535999039417
+5535998578814
+5524992070730
+5535999836933
+5535997320957
+5535991123075
+5535997306481
+5535999975552
+5524983337012
+5535999836342
+5511999560766
+5535988152626
+5535999084807
+5516992719802
+5535998059813
+5535991806243
+5535998362738
+5511999894474
+5535992652262
+5535991177984
+5535988152626
+5535999004190
+5535999084807
+5535988088158
+5535997016973
+5535998334323
+5524992070730
+5535999039417
+5535991123075
+5535997306481
+5535999836933
+5535997320957
+5535999742672
+5535999742672
+5535998578814
+5524983337012
+5535999975552
+5535998887605
+5535999450778
+5535999158152
+5535987081033
+5535998096541
+5535999625538
+5535987078217
+5535984189669
+5535997425880
+5535999542232
+5535998283195
+5535999979071
+5535999421709
+5535999844633
+5535999840341
+5531999429891
+5535999421709
+5535999844633
+5535984137200
+5535998268880
+5535988468158
+5535999668233
+5535997504334
+5535988763191
+5535988672002
+5535999846590
+5535988076347
+5535991144336
+5535998517014
+5535984498951
+5535998579547
+5535998629718
+5519992246266
+5535988562956
+5535992235934
+5535988412002
+5535988078646
+5535998763148
+5535988457539
+5535998737571
+5535998881368
+5535998464395
+5535997543921
+5535999222019
+5535998443581
+5535988932907
+5535998631645
+5535999478760
+5535991894201
+5535999273371
+5535997595482
+5535998025421
+5535998255451
+5535988133683
+5535991929844
+5535992421536
+5535998942952
+5535991047499
+5535999865322
+5535988590041
+5535999021214
+5535999841459
+5535991973774
+5535991408252
+5535998442698
+5535998264652
+5535991079040
+5535988085091
+5535999727703
+5535999824615
+5535991811733
+5535997651092
+5535991359877
+5535999096578
+5535999760129
+5535997025110
+5535984160784
+5535997175919
+5535988078646
+5535998603290
+5535997598110
+5535999570846
+5535999413804
+5535998849654
+5535999860394
+5535991826423
+5535984361404
+5535998978411
+5535998288865
+5535999174095
+5535999878041
+5535988336636
+5535991950904
+5535991586715
+5535998629718
+5535999528552
+5535988590041
+5535997224646
+5535992193757
+5535991324330
+5535991119447
+5535997020561
+5535998503413
+5535988510674
+5535998777982
+5535999112278
+5535999849455
+5535992308946
+5535999526264
+5535999887964
+5535997727090
+5535999770679
+5535992738114
+5535999356181
+5511970190802
+5536992965514
+5535998625191
+5535998688418
+5535999971561
+5531994191440
+5535984471290
+5535998538792
+5535997576209
+5535982102211
+5535992450484
+5535997070625
+5535988644228
+5535991171599
+5535999416906
+5535998788899
+5535999397713
+5535999469631
+5535997647895
+5535988922406
+5535998641891
+5513991512119
+5535998168431
+5535991325268
+5511967320080
+5535997640122
+5535992723270
+5512991382784
+5535998813316
+5535997514570
+5519981157520
+5535997422936
+5535998936230
+5535998265761
+5511981301307
+5535991810110
+5535999963030
+5535999188738
+5535997186787
+5535998708839
+5535988288914
+5535984256817
+5535987017266
+5535991414216
+5535998136449
+5535992572204
+5535999204146
+5535992110187
+5535991292738
+5535999843622
+5535984329121
+5535999382102
+5535984777838
+5535997656703
+5535999161003
+5535999934629
+5535991148005
+5535998503409
+5535999136800
+5535988447156
+5535988644936
+5535999122039
+5535997310815
+5535988780417
+5535998603290
+5535997598110
+5531999667930
+5519996455860
+5535999264619
+5535998115282
+5535998184786
+5535998497664
+5535991047499
+5535999865322
+5535988590041
+5535999021214
+5535999841459
+5535991973774
+5535991408252
+5535998442698
+5535998264652
+5535991079040
+5535988085091
+5535999575625
+5535991069950
+5535991879046
+5535998949256
+5535988979839
+5535991649114
+5535998126677
+5535991148005
+5535999204146
+5535992110187
+5535991292738
+5535984329121
+5535999382102
+5535999161003
+5535992572204
+5535999182853
+5535988918888
+5535999306139
+5535999572570
+5535991958289
+5535991324330
+5535991119447
+5535997020561
+5535998503413
+5535988510674
+5535998777982
+5535999112278
+5535999849455
+5535992308946
+5535999526264
+5535999887964
+5535997727090
+5535999770679
+5535992738114
+5535999356181
+5511970190802
+5536992965514
+5535998625191
+5535997480565
+5535999556264
+5535999556663
+5535999836117
+5535999589521
+5535997368335
+5535999714775
+5535999461245
+5535988591503
+5535998178207
+5535991408252
+5535992596061
+5513991535175
+5535991367156
+5535997540206
+5535997300235
+5535991401089
+5535998883554
+5535998347435
+5535991385214
+5535988344817
+5535984488103
+5535988032114
+5535999864953
+5535984352560
+5535998770221
+5535998580876
+5535998423726
+5535988637791
+5535998002308
+5535992640010
+5535999932087
+5535997640122
+5511981301307
+5535999667892
+5535998708839
+5535997186787
+5535999484457
+5535999188738
+5535999963030
+5535998813316
+5535997514570
+5535991752065
+5535999053527
+5535998434031
+5535997222879
+5535998629718
+5519992246266
+5535988562956
+5535992235934
+5535988412002
+5535988078646
+5535998698737
+5535992650040
+5535999453881
+5535999769145
+5535998853840
+5535991394409
+5535997540774
+5535999606681
+5535991886886
+5535998968332
+5535999125264
+5535988780417
+5535999691212
+5535999273371
+5535988035258
+5535998600509
+5535984248605
+5535987085336
+5535987131693
+5535997631642
+5535998156059
+5535984378327
+5535988315389
+5535991056420
+5535991088530
+5535988394053
+5535999797586
+5535999282322
+5535991578622
+5535988823560
+5535999491281
+5535997606290
+5535991879046
+5535998949256
+5535988979839
+5535991649114
+5535998126677
+5535991148005
+5535999204146
+5535992110187
+5535991292738
+5535984329121
+5535999382102
+5535999161003
+5535992572204
+5535999182853
+5535988918888
+5535999306139
+5535999572570
+5535991958289
+5535998447548
+5535998858675
+5535999706548
+5535998411619
+5535999886645
+5535999504632
+5535984286118
+5535998702791
+5512974039327
+5535984447440
+5535998238629
+5535997806614
+5512991937245
+5535997745990
+5535998883555
+5535988288914
+5535999163869
+5535984696953
+5535998813856
+5535997042208
+5535997238784
+5535988758196
+5535984352560
+5535999484457
+5535999706348
+5531997364420
+5535999490788
+5535999308807
+5535999978820
+5535998883555
+5535998874792
+5535999905096
+5535988548919
+5535988169150
+5535999932087
+5535991325268
+5511967320080
+5535997640122
+5535992723270
+5512991382784
+5535998813316
+5535997514570
+5535997418119
+5535984361404
+5535998978411
+5535991164164
+5535988336636
+5535999528552
+5535999654831
+5535999587704
+5535998856806
+5535988034291
+5535997677369
+5535988980226
+5535999203158
+5535998636357
+5535998022098
+5519971330461
+5535999908662
+5535997742765
+5535998850575
+5535992300575
+5535998650132
+5535988562956
+5535999399949
+5535999010403
+5535998503409
+5535991200949
+5535991414216
+5535988029778
+5535988060204
+5535988127352
+5535997518703
+5535998136449
+5535988521474
+5535988694977
+5535999377887
+5535999438614
+5535988644936
+5535999136800
+5535992362952
+5535984777838
+5535997310815
+5535988343349
+5535999025006
+5535998568074
+5535999849177
+5535997216669
+5535991763183
+5535999882481
+5535997680330
+5535992320668
+5535991042129
+5535997104606
+5535991025257
+5535999815982
+5535991156608
+5535999492306
+5535997300235
+5535992250063
+5535991810896
+5535984291642
+5535998709197
+5535997034918
+5535999542748
+5535998703223
+5535998856806
+5535999763990
+5535999442217
+5535992285372
+5535988555453
+5535999481396
+5535999087767
+5535997224646
+5535997478906
+5535999197013
+5535991853289
+5535992418008
+5535997219891
+5535999819093
+5535999109493
+5535991575758
+5535998425068
+5535998978411
+5535998288865
+5535999174095
+5535999878041
+5535988336636
+5535991950904
+5535991586715
+5535998629718
+5535999528552
+5535988590041
+5535999021214
+5535991079040
+5535998264652
+5535991408252
+5535999727703
+5535992235934
+5535988412002
+5535999824615
+5535992650040
+5535999453881
+5535998085844
+5535998074900
+5535998207242
+5535991753468
+5535998637857
+5535998085765
+5535998175813
+5535998763148
+5535988457539
+5535999875271
+5535999840820
+5535998942952
+5512981874847
+5535997215827
+5535998251595
+5535997788157
+5535997167733
+5535991593086
+5535999600538
+5535998618959
+5535991422490
+5535997031647
+5535999515501
+5519992899631
+5535992364191
+5535984286118
+5535999377887
+5535999438614
+5535998411619
+5535999382102
+5535992110187
+5535999204146
+5535984329121
+5535991292738
+5535999843622
+5535992572204
+5535999934629
+5535991148005
+5535999161003
+5535984777838
+5535998616867
+5535998969992
+5535998347435
+5535999515501
+5535998883554
+5535991422490
+5535997031647
+5535999672949
+5535984488103
+5535988344817
+5535999984768
+5512991937245
+5535997189749
+5535992364191
+5535991905902
+5535998637081
+5535999538091
+5535997271204
+5535999602033
+5535988252665
+5535998853840
+5535999769145
+5535992650040
+5535999453881
+5535991886886
+5535991394409
+5535991047499
+5535992235934
+5535988085091
+5535999824615
+5535988078646
+5535999865322
+5535998698737
+5535988780417
+5535997598110
+5535998603290
+5535999125264
+5535998115282
+5535999841459
+5535988590041
+5535999826556
+5535998263555
+5512988066941
+5535991534808
+5535999439646
+5535999533084
+5535998132089
+5535997565619
+5535997654985
+5535998136374
+5535998424135
+5535999409120
+5535999616705
+5535991814989
+5535991324547
+5512996044370
+5535999701442
+5535997648885
+5535999570127
+5543991064418
+5535998421377
+5535992008200
+5535991164164
+5535988752764
+5535997098355
+5535998651049
+5535984144844
+5535998449214
+5535997418119
+5535984361404
+5535988336636
+5535997651092
+5535991811733
+5535998978411
+5535991826423
+5535999174095
+5535999570846
+5535999413804
+5535998849654
+5535999860394
+5535999394762
+5535999380809
+5535998379575
+5535994027101
+5535988483629
+5535988223900
+5535998041615
+5535999202582
+5535999228949
+5535997237369
+5535999295111
+5535998156820
+5535991616971
+5535999557643
+5535999965494
+5535997464318
+5535999979929
+5535984440375
+5535999892877
+5535999392884
+5535999669497
+5535999770679
+5535992738114
+5535984578234
+5535991740196
+5535999647672
+5535999104146
+5535997016798
+5535999824415
+5535999443380
+5535998990822
+5535991991681
+5535999887964
+5535999112278
+5535998777982
+5535999993544
+5535999849455
+5535997727090
+5535999808496
+5535991195448
+5574999790195
+5535984197588
+5535997731909
+5535998080971
+5535998847076
+5535997318128
+5535999867108
+5519992246266
+5535998629718
+5535999528552
+5535997540774
+5535999606681
+5535998968332
+5535999264619
+5531999667930
+5519996455860
+5535998853840
+5535999769145
+5535992650040
+5535999453881
